% output_type: 'OUTPUT_TYPE_SUM'
% count: 838
% sum: 3432.45

% time_sec throughput_kbps
1 0
2 0
3 0
4 0
5 0
6 0
7 0
8 0
9 0
10 0
11 0
12 0
13 0
14 0
15 0
16 0
17 0
18 0
19 0
20 0
21 0
22 0
23 0
24 0
25 0
26 0
27 0
28 0
29 0
30 0
31 0
32 0
33 0
34 0
35 0
36 0
37 0
38 0
39 0
40 0
41 0
42 0
43 0
44 0
45 0
46 0
47 0
48 0
49 0
50 0
51 0
52 0
53 0
54 0
55 0
56 0
57 40.96
58 40.96
59 40.96
60 40.96
61 40.96
62 40.96
63 40.96
64 40.96
65 40.96
66 40.96
67 40.96
68 40.96
69 40.96
70 77.824
71 81.92
72 81.92
73 81.92
74 81.92
75 81.92
76 81.92
77 81.92
78 81.92
79 81.92
80 81.92
81 81.92
82 81.92
83 81.92
84 81.92
85 81.92
86 81.92
87 81.92
88 81.92
89 81.92
90 81.92
91 81.92
92 118.784
93 122.88
94 122.88
95 122.88
96 122.88
97 122.88
98 122.88
99 122.88

