% output_type: 'OUTPUT_TYPE_SUM'
% count: 4064
% sum: 8951.31

% time_sec throughput_kbps
1 0
2 105.664
3 214.432
4 171.024
5 166.656
6 131.52
7 131.52
8 131.52
9 131.52
10 131.52
11 131.52
12 131.52
13 131.52
14 122.816
15 87.68
16 87.68
17 87.68
18 87.68
19 87.68
20 87.68
21 87.68
22 87.68
23 87.68
24 87.68
25 87.68
26 87.68
27 87.68
28 87.68
29 87.68
30 87.68
31 87.68
32 87.68
33 87.68
34 87.68
35 87.68
36 87.68
37 83.36
38 43.84
39 21.936
40 0
41 0
42 0
43 0
44 0
45 0
46 0
47 0
48 0
49 0
50 0
51 0
52 0
53 0
54 56.656
55 48.224
56 39.504
57 70
58 100.688
59 87.68
60 87.68
61 87.68
62 87.68
63 87.68
64 87.68
65 87.68
66 87.68
67 87.68
68 87.68
69 87.68
70 100.784
71 153.2
72 131.52
73 131.52
74 131.52
75 131.52
76 131.52
77 131.52
78 131.52
79 131.52
80 131.52
81 131.52
82 131.52
83 131.52
84 131.52
85 96.464
86 87.68
87 87.68
88 87.68
89 87.68
90 87.68
91 87.68
92 100.784
93 153.2
94 131.52
95 131.52
96 131.52
97 131.52
98 131.52
99 131.52

