% output_type: 'OUTPUT_TYPE_SUM'
% count: 3064
% sum: 4365.48

% time_sec throughput_kbps
1 0
2 30.232
3 55.496
4 41.192
5 44.16
6 44.16
7 44.16
8 44.16
9 44.16
10 44.16
11 44.16
12 44.16
13 44.16
14 44.16
15 44.16
16 44.16
17 44.16
18 44.16
19 44.16
20 44.16
21 44.16
22 44.16
23 44.16
24 44.16
25 44.16
26 44.16
27 44.16
28 44.16
29 44.16
30 44.16
31 44.16
32 44.16
33 44.16
34 44.16
35 44.16
36 44.16
37 44.16
38 44.16
39 44.16
40 44.16
41 44.16
42 44.16
43 44.16
44 44.16
45 44.16
46 44.16
47 44.16
48 44.16
49 44.16
50 44.16
51 44.16
52 44.16
53 25.112
54 61.456
55 48.48
56 41.192
57 44.16
58 44.16
59 44.16
60 44.16
61 44.16
62 44.16
63 44.16
64 44.16
65 44.16
66 44.16
67 44.16
68 44.16
69 44.16
70 44.16
71 44.16
72 44.16
73 44.16
74 44.16
75 44.16
76 44.16
77 44.16
78 44.16
79 44.16
80 44.16
81 44.16
82 44.16
83 44.16
84 44.16
85 18.272
86 69.68
87 44.128
88 44.16
89 44.16
90 44.16
91 44.16
92 44.16
93 44.16
94 44.16
95 44.16
96 44.16
97 44.16
98 44.16
99 44.16

