% output_type: 'OUTPUT_TYPE_SUM'
% count: 5300
% sum: 9000.46

% time_sec throughput_kbps
1 0
2 122.6
3 206.648
4 172.712
5 166.976
6 131.84
7 131.84
8 131.84
9 131.84
10 131.84
11 131.84
12 131.84
13 131.84
14 123.136
15 88
16 88
17 88
18 88
19 88
20 88
21 88
22 88
23 88
24 88
25 88
26 88
27 88
28 88
29 88
30 88
31 88
32 88
33 88
34 88
35 88
36 88
37 83.68
38 44.16
39 20.696
40 0
41 0
42 0
43 0
44 0
45 0
46 0
47 0
48 0
49 0
50 0
51 0
52 0
53 0
54 61.456
55 48.48
56 41.192
57 76.616
58 99.48
59 88
60 88
61 88
62 88
63 88
64 88
65 88
66 88
67 88
68 88
69 88
70 109.648
71 149.744
72 131.84
73 131.84
74 131.84
75 131.84
76 131.84
77 131.84
78 131.84
79 131.84
80 131.84
81 131.84
82 131.84
83 131.84
84 131.84
85 95.128
86 87.68
87 87.68
88 87.68
89 87.68
90 87.68
91 87.68
92 109.328
93 149.424
94 131.52
95 131.52
96 131.52
97 131.52
98 131.52
99 131.52

