% output_type: 'OUTPUT_TYPE_SUM'
% count: 2049
% sum: 8392.7

% time_sec throughput_kbps
1 0
2 143.36
3 163.84
4 163.84
5 155.648
6 122.88
7 122.88
8 122.88
9 122.88
10 122.88
11 122.88
12 122.88
13 122.88
14 114.688
15 81.92
16 81.92
17 81.92
18 81.92
19 81.92
20 81.92
21 81.92
22 81.92
23 81.92
24 81.92
25 81.92
26 81.92
27 81.92
28 81.92
29 81.92
30 81.92
31 81.92
32 81.92
33 81.92
34 81.92
35 81.92
36 81.92
37 77.824
38 40.96
39 20.48
40 0
41 0
42 0
43 0
44 0
45 0
46 0
47 0
48 0
49 0
50 0
51 0
52 0
53 16.384
54 40.96
55 40.96
56 40.96
57 81.92
58 81.92
59 81.92
60 81.92
61 81.92
62 81.92
63 81.92
64 81.92
65 81.92
66 81.92
67 81.92
68 81.92
69 81.92
70 118.784
71 122.88
72 122.88
73 122.88
74 122.88
75 122.88
76 122.88
77 122.88
78 122.88
79 122.88
80 122.88
81 122.88
82 122.88
83 122.88
84 122.88
85 90.112
86 81.92
87 81.92
88 81.92
89 81.92
90 81.92
91 81.92
92 118.784
93 122.88
94 122.88
95 122.88
96 122.88
97 122.88
98 122.88
99 122.88

