% output_type: 'OUTPUT_TYPE_SUM'
% count: 2899
% sum: 12758.7

% time_sec throughput_kbps
1 0
2 35.264
3 44.08
4 44.08
5 52.896
6 88.16
7 88.16
8 88.16
9 88.16
10 88.16
11 88.16
12 88.16
13 88.16
14 96.976
15 132.24
16 132.24
17 132.24
18 132.24
19 132.24
20 132.24
21 132.24
22 132.24
23 132.24
24 132.24
25 132.24
26 132.24
27 132.24
28 132.24
29 132.24
30 132.24
31 132.24
32 132.24
33 132.24
34 132.24
35 132.24
36 132.24
37 136.648
38 176.32
39 198.36
40 220.4
41 220.4
42 220.4
43 220.4
44 220.4
45 220.4
46 220.4
47 220.4
48 220.4
49 220.4
50 220.4
51 220.4
52 220.4
53 203.152
54 176.32
55 176.32
56 176.704
57 132.24
58 132.24
59 132.24
60 132.24
61 132.24
62 132.24
63 132.24
64 132.24
65 132.24
66 132.24
67 132.24
68 132.24
69 132.24
70 92.952
71 88.16
72 88.16
73 88.16
74 88.16
75 88.16
76 88.16
77 88.16
78 88.16
79 88.16
80 88.16
81 88.16
82 88.16
83 88.16
84 88.16
85 123.424
86 132.24
87 132.24
88 132.624
89 132.24
90 132.24
91 132.24
92 92.952
93 88.16
94 88.16
95 88.16
96 88.16
97 88.16
98 88.16
99 88.16

